-0.526460 -0.724610
-0.499723 -0.727101
-0.473264 -0.728763
-0.450341 -0.734890
-0.429150 -0.743309
-0.406577 -0.748822
-0.383145 -0.751965
-0.358686 -0.752001
-0.334817 -0.752010
-0.311007 -0.750838
-0.290715 -0.757338
-0.266923 -0.753766
-0.247344 -0.761246
-0.223734 -0.755313
-0.202642 -0.756269
-0.180978 -0.753829
-0.160604 -0.755580
-0.140295 -0.756966
-0.117847 -0.744059
-0.098356 -0.747091
-0.078094 -0.743013
-0.058940 -0.748903
-0.038980 -0.743788
-0.019488 -0.744224
-0.000000 -0.743224
0.019484 -0.744048
0.039510 -0.753893
0.058870 -0.748015
0.079048 -0.752092
0.098826 -0.750656
0.119161 -0.752353
0.138172 -0.745508
0.158314 -0.744807
0.180277 -0.750907
0.199075 -0.742959
0.220591 -0.744702
0.241176 -0.742264
0.263069 -0.742883
0.288486 -0.751533
0.309379 -0.746906
0.336538 -0.755876
0.356604 -0.747636
0.381615 -0.748961
0.402840 -0.741939
0.418275 -0.724474
0.424292 -0.692382
0.420281 -0.647175
0.420446 -0.611753
0.425726 -0.585962
0.423630 -0.552086
0.422907 -0.522247
0.423636 -0.496014
0.426913 -0.474135
0.421349 -0.444009
0.429843 -0.429843
0.451861 -0.428800
0.463589 -0.417417
0.482124 -0.411773
0.498036 -0.403301
0.522458 -0.400896
0.558962 -0.406110
1.046008 -0.718901
1.108516 -0.719879
1.158541 -0.709955
1.235826 -0.713505
1.313946 -0.713414
1.382627 -0.704484
1.469630 -0.700978
1.573992 -0.700787
1.694551 -0.701906
2.995677 -1.149933
3.034887 -1.074710
3.059011 -0.993932
3.228452 -0.956311
3.487304 -0.934420
3.508006 -0.842198
4.103646 -0.872257
4.106153 -0.761030
4.115828 -0.651883
4.332900 -0.570437
4.336950 -0.455832
4.344862 -0.341948
4.345194 -0.227722
4.348857 -0.113879
3.246669 0.000000
3.247032 0.085027
3.248844 0.170265
3.248429 0.255657
4.729240 0.497064
4.732807 0.623086
3.739651 0.592303
3.462870 0.641805
4.755428 1.010798
4.731114 1.135840
4.755211 1.274155
4.951496 1.466700
4.949484 1.608184
1.436466 0.508679
1.302981 0.500168
1.204115 0.498760
1.107092 0.492909
1.025577 0.489175
0.967168 0.492797
0.912354 0.495368
0.844218 0.487410
0.795234 0.487320
0.743921 0.483108
0.700665 0.481553
0.665922 0.483821
0.628340 0.482143
0.601581 0.487150
0.563004 0.480851
0.553055 0.497973
0.560863 0.532239
0.538387 0.538387
0.498760 0.525583
0.476516 0.529225
0.463040 0.542150
0.436517 0.539053
0.416753 0.543123
0.396770 0.546107
0.369059 0.536984
0.350530 0.539768
0.332218 0.542131
0.316621 0.548404
0.300647 0.553724
0.279854 0.549244
0.260381 0.545899
0.244112 0.548285
0.225964 0.545525
0.207577 0.540757
0.190960 0.539256
0.177996 0.547816
0.159610 0.538834
0.143725 0.536388
0.129667 0.540103
0.112916 0.531230
0.099921 0.539127
0.085981 0.542861
0.071271 0.541360
0.056990 0.542224
0.042981 0.546126
0.028362 0.541187
0.014118 0.539147
0.000000 0.538623
-0.014288 0.545641
-0.028171 0.537542
-0.042614 0.541459
-0.056778 0.540209
-0.071322 0.541744
-0.085221 0.538061
-0.098510 0.531513
-0.112538 0.529450
-0.126087 0.525191
-0.140734 0.525226
